1.000000 
(0.100000 
(0.500000 
(0.100000 
(0.100000 
0.105927 0.084302 0.058906 

2.000000 
(0.100000 
(0.500000 
(0.100000 
(0.500000 
0.106854 0.087154 0.077721 

3.000000 
(0.100000 
(0.500000 
(0.500000 
(0.100000 
0.482369 0.153815 -0.020877 

4.000000 
(0.100000 
(0.500000 
(0.500000 
(0.500000 
0.108625 0.083990 -0.039593 

5.000000 
(0.100000 
(0.900000 
(0.100000 
(0.100000 
0.141267 0.085861 0.133470 

6.000000 
(0.100000 
(0.900000 
(0.100000 
(0.500000 
0.479535 0.152862 0.120792 

7.000000 
(0.100000 
(0.900000 
(0.500000 
(0.100000 
0.122118 0.083935 0.079046 

8.000000 
(0.100000 
(0.900000 
(0.500000 
(0.500000 
0.106876 0.087016 0.078738 

9.000000 
(0.500000 
(0.500000 
(0.100000 
(0.100000 
0.461922 0.154238 -0.085938 

10.000000 
(0.500000 
(0.500000 
(0.100000 
(0.500000 
0.103802 0.088990 0.109758 

11.000000 
(0.500000 
(0.500000 
(0.500000 
(0.100000 
0.483661 0.154064 -0.004402 

12.000000 
(0.500000 
(0.500000 
(0.500000 
(0.500000 
0.123782 0.093345 -0.093619 

13.000000 
(0.500000 
(0.900000 
(0.100000 
(0.100000 
0.108906 0.083189 -0.094495 

14.000000 
(0.500000 
(0.900000 
(0.100000 
(0.500000 
0.107627 0.094555 0.470175 

15.000000 
(0.500000 
(0.900000 
(0.500000 
(0.100000 
0.103150 0.081597 -0.061221 

16.000000 
(0.500000 
(0.900000 
(0.500000 
(0.500000 
0.102980 0.081190 0.347397 

